[offset]
dx = 7.976968710489018
dy = -287.25608186293357
dz = 1427.5073330500127
