[offset]
dx = -219.7433272648159
dy = 115.80825832340815
dz = -256.9948188274452
