[offset]
dx = 148.1284678672073
dy = 128.64287459676962
dz = -354.5027214090642